image: /home/ubuntu/map_file/20160626_090600/map_20160626_090600.pgm
resolution: 0.020000
origin: [-8.000000, -8.000000, 0.000000]
negate: 0
occupied_thresh: 0.65
free_thresh: 0.196

