<?xml version="1.0"?>
<opencv_storage>
<R_matrix type_id="opencv-matrix">
  <rows>3</rows>
  <cols>3</cols>
  <dt>d</dt>
  <data>
    9.9927532753162240e-001 -8.8985793323935157e-003
    3.7008581064855037e-002 8.2447960463456170e-003
    9.9980791163871563e-001 1.7780977554237493e-002
    -3.7159697586538726e-002 -1.7462963966498719e-002
    9.9915674534318277e-001</data></R_matrix>
</opencv_storage>
