<?xml version="1.0"?>
<opencv_storage>
<T_matrix type_id="opencv-matrix">
  <rows>3</rows>
  <cols>1</cols>
  <dt>d</dt>
  <data>
    -1.8212286083675639e+002 3.2595281257314818e-001
    1.0243181160902759e+001</data></T_matrix>
</opencv_storage>
